1 Annie
1 Ashe
1 Blitzcrank
1 Katarina
1 Gangplank
1 Ryze
1 Singed
1 Teemo
1 Udyr
1 Zilean
4 Anivia
10 Twisted Fate
35 Zilean
198 Rengar
Jax [0, 2, 6, 7, 6, 8, 9, 9, 9, 11, 9, 12, 13, 13, 19, 14, 3, 5, 4, 5, 6, 16, 7]
Twisted Fate [4, 5, 1, 4, 4, 3, 4, 4, 6, 4, 9, 11, 27, 9, 5, 28, 15, 4, 11, 14, 15, 11]
Shaco [4, 6, 8, 7, 5, 23, 40, 33, 55]
Warwick [0, 5, 3, 6, 4, 6, 7, 5, 8, 4, 12, 11, 6, 5, 8, 12, 6, 4, 7, 9, 8, 11, 10, 14, 15, 13]
Nidalee [3, 10, 7, 14, 9, 8, 8, 12, 20, 6, 30, 32, 16, 9, 7]
Zyra [142, 21, 5, 9, 8, 10, 6]
Brand [74, 7, 8, 14, 7, 17, 11, 20, 6, 6, 14, 15]
Rammus [7, 5, 7, 5, 4, 6, 10, 6, 11, 9, 3, 4, 5, 3, 5, 5, 5, 4, 4, 4, 5, 5, 4, 7, 8, 17, 4, 8, 8, 7, 11]
Corki [0, 7, 8, 7, 5, 7, 4, 4, 4, 6, 11, 8, 9, 8, 5, 6, 7, 7, 5, 8, 7, 7, 6, 5, 3, 7, 5, 5, 9, 10, 12]
Anivia [3, 1, 6, 7, 6, 8, 8, 7, 10, 16, 14, 12, 9, 24, 17, 6, 8, 8, 9, 14]
Tryndamere [6, 7, 9, 8, 11, 11, 12, 37, 22, 17, 10, 16, 13, 15]
Kha'Zix [151, 23, 17]
Yorick [84, 14, 26, 30]
Xerath [99, 11, 10, 13, 24, 4, 12, 13]
Sivir [3, 2, 2, 3, 2, 3, 4, 2, 2, 3, 2, 2, 3, 3, 4, 2, 2, 3, 2, 2, 2, 3, 2, 4, 2, 2, 6, 2, 3, 4, 4, 4, 5, 4, 5, 4, 4, 5, 4, 4, 5, 7, 6, 6, 5, 13, 8, 7, 6, 5, 3, 6]
Riven [97, 9, 12, 12, 16, 7, 4, 9, 8, 15, 9]
Orianna [81, 14, 9, 17, 14, 26, 14, 13, 6]
Gangplank [1, 5, 4, 5, 4, 7, 5, 6, 5, 7, 7, 7, 4, 8, 5, 9, 5, 7, 2, 8, 5, 6, 10, 7, 12, 5, 6, 6, 5, 13]
Malphite [3, 4, 5, 3, 6, 6, 5, 8, 14, 12, 6, 3, 4, 3, 4, 3, 4, 4, 6, 4, 5, 4, 5, 3, 4, 6, 5, 5, 5, 7, 8, 8, 10, 8, 10]
Miss Fortune [43, 13, 5, 6, 5, 3, 2, 4, 7, 4, 4, 5, 4, 4, 4, 4, 4, 3, 5, 4, 4, 6, 4, 5, 5, 8, 7, 6, 6, 4, 6, 6]
Poppy [7, 5, 8, 13, 8, 9, 9, 11, 16, 7, 14, 18, 10]
Karthus [5, 6, 7, 6, 10, 11, 9, 20, 18, 31, 17, 9, 7, 9, 6, 6, 13]
Jayce [139, 41, 10]
Blitzcrank [0, 1, 6, 4, 5, 5, 4, 4, 5, 4, 5, 4, 5, 4, 4, 4, 6, 9, 5, 6, 5, 8, 6, 6, 6, 13, 13, 6, 4, 6, 13, 10, 8, 6]
Trundle [55, 11, 22, 35, 46, 11, 9, 10]
Graves [101, 9, 5, 4, 4, 3, 4, 4, 4, 6, 14, 9, 8, 8, 7, 7]
Lucian [198]
Nocturne [70, 10, 14, 16, 11, 18, 23, 10, 9, 15]
Lux [49, 13, 7, 21, 40, 15, 5, 5, 5, 5, 10, 12, 9]
Shyvana [103, 9, 17, 27, 9, 7, 13, 7, 9]
Renekton [62, 13, 10, 19, 8, 25, 17, 9, 12, 12, 10]
Darius [132, 13, 35, 14]
Fiora [120, 14, 34, 17, 7]
Fizz [105, 12, 18, 39, 17]
Kassadin [2, 7, 6, 6, 5, 8, 9, 12, 10, 3, 7, 8, 6, 3, 5, 3, 5, 7, 5, 5, 10, 6, 5, 8, 8, 9, 17, 12]
Sona [45, 8, 9, 13, 23, 3, 6, 8, 6, 8, 5, 7, 10, 7, 7, 9, 7, 7, 7, 7]
Vladimir [37, 6, 9, 8, 23, 18, 12, 15, 18, 9, 4, 14, 13, 10]
Viktor [111, 14, 16, 11, 9, 6, 16, 12]
Cassiopeia [57, 14, 14, 11, 18, 15, 51, 18]
Maokai [66, 6, 4, 5, 5, 4, 6, 7, 7, 5, 5, 6, 4, 6, 19, 11, 11, 10]
Thresh [168, 10, 13, 6]
Kayle [2, 3, 4, 4, 4, 6, 6, 3, 4, 2, 3, 5, 3, 7, 4, 4, 4, 15, 19, 26, 8, 13, 18, 6, 24]
Hecarim [127, 14, 7, 13, 23]
Lee Sin [72, 7, 13, 24, 26, 20, 15, 25]
Olaf [30, 12, 15, 14, 31, 26, 25, 17, 9, 11]
Ziggs [116, 7, 14, 15, 4, 10, 17, 11]
Syndra [148, 34, 19]
Karma [64, 6, 24, 14, 69, 10, 12]
Annie [1, 3, 2, 3, 3, 4, 4, 3, 3, 3, 3, 3, 3, 3, 3, 3, 3, 2, 4, 3, 4, 3, 5, 7, 4, 3, 5, 4, 5, 5, 5, 6, 5, 4, 4, 6, 5, 4, 3, 5, 3, 13, 7, 6, 12]
Akali [26, 12, 12, 11, 22, 53, 23, 15, 14, 12]
Leona [87, 5, 6, 7, 8, 10, 5, 6, 10, 7, 6, 7, 12, 7, 6, 3, 6]
Cho'Gath [4, 4, 4, 6, 5, 5, 3, 4, 4, 6, 3, 5, 6, 6, 3, 3, 3, 4, 3, 4, 6, 4, 4, 5, 5, 4, 5, 4, 5, 5, 5, 5, 4, 6, 4, 4, 5, 6, 12, 10, 9]
Rengar [145, 36, 16, 1]
Ryze [0, 1, 5, 2, 3, 2, 5, 2, 4, 3, 4, 2, 3, 4, 5, 5, 3, 5, 3, 4, 4, 6, 4, 5, 4, 3, 2, 5, 5, 5, 6, 7, 5, 7, 7, 5, 3, 19, 9, 11, 13]
Shen [19, 8, 6, 4, 3, 4, 3, 3, 2, 3, 3, 4, 4, 3, 2, 5, 7, 4, 4, 6, 5, 4, 3, 5, 5, 5, 5, 6, 6, 28, 9, 13]
Zac [177, 10]
Teemo [1, 5, 5, 2, 3, 4, 3, 4, 5, 5, 3, 7, 4, 4, 10, 3, 11, 8, 4, 11, 6, 7, 10, 9, 10, 5, 7, 4, 8, 9, 12]
Pantheon [11, 5, 20, 10, 15, 23, 27, 20, 19, 23, 11, 16]
Swain [47, 12, 8, 12, 27, 9, 7, 14, 24, 12, 16]
Sion [0, 3, 11, 6, 5, 5, 6, 7, 8, 5, 7, 11, 7, 6, 5, 14, 7, 7, 6, 11, 12, 16]
Vayne [78, 7, 12, 7, 8, 9, 6, 5, 7, 6, 7, 5, 17, 11, 7, 7]
Nasus [3, 3, 5, 5, 6, 6, 7, 10, 23, 4, 6, 5, 5, 11, 3, 9, 4, 7, 9, 11, 6, 10, 6, 7, 4, 8, 12]
Fiddlesticks [8, 6, 3, 4, 4, 5, 4, 3, 2, 3, 2, 5, 2, 7, 3, 3, 4, 4, 13, 8, 4, 5, 6, 5, 5, 9, 7, 5, 11, 5, 9, 5, 9, 13]
Udyr [1, 3, 3, 10, 11, 11, 9, 15, 20, 44, 15, 5, 10, 4, 6, 9, 3, 12]
Morgana [2, 4, 3, 3, 3, 3, 4, 4, 2, 3, 2, 4, 3, 2, 3, 4, 2, 3, 2, 2, 2, 3, 4, 6, 6, 7, 4, 7, 8, 7, 6, 7, 5, 7, 10, 6, 5, 4, 7, 8, 11, 13]
LeBlanc [51, 12, 10, 9, 24, 13, 16, 28, 21, 12]
Caitlyn [60, 9, 4, 3, 4, 4, 6, 4, 8, 4, 4, 4, 3, 5, 6, 3, 4, 5, 5, 9, 4, 12, 6, 5, 5, 7, 7]
Sejuani [114, 7, 10, 5, 4, 5, 9, 9, 10, 7, 12, 7]
Zilean [1, 4, 3, 2, 3, 3, 4, 4, 3, 2, 3, 2, 1, 4, 2, 2, 3, 2, 3, 2, 4, 5, 9, 7, 4, 2, 3, 4, 5, 4, 6, 4, 4, 6, 3, 4, 8, 5, 7, 28, 8, 11]
Rumble [76, 10, 10, 38, 29, 19, 13]
Skarner [91, 7, 6, 5, 10, 6, 8, 6, 13, 13, 6, 12, 12]
Kennen [21, 7, 5, 8, 13, 3, 10, 11, 51, 15, 7, 21, 17, 12]
Urgot [41, 13, 5, 9, 14, 5, 4, 5, 4, 5, 9, 8, 10, 7, 10, 10, 5, 18, 11]
Wukong [89, 7, 11, 8, 8, 9, 6, 17, 10, 5, 7, 12, 13]
Amumu [3, 5, 6, 6, 6, 5, 5, 5, 8, 11, 8, 5, 5, 10, 6, 5, 3, 5, 4, 4, 6, 10, 6, 5, 5, 3, 4, 3, 4, 6, 8, 9, 10]
Galio [39, 9, 9, 6, 6, 6, 5, 4, 5, 4, 8, 7, 6, 5, 6, 7, 6, 5, 6, 4, 9, 7, 12, 16]
Heimerdinger [0, 4, 4, 3, 3, 3, 2, 3, 3, 2, 4, 7, 4, 2, 3, 3, 2, 3, 2, 2, 2, 3, 6, 3, 4, 3, 4, 4, 7, 5, 5, 6, 5, 9, 7, 5, 4, 40, 20]
Volibear [107, 9, 14, 14, 7, 4, 15, 9, 11, 11]
Ashe [0, 1, 4, 3, 3, 2, 2, 2, 3, 2, 3, 2, 2, 2, 4, 2, 2, 2, 2, 2, 3, 2, 3, 2, 2, 2, 2, 2, 3, 4, 3, 3, 2, 5, 3, 3, 3, 3, 4, 5, 3, 5, 4, 2, 5, 4, 9, 5, 7, 5, 2, 6, 4, 5, 7, 2, 6, 6, 8]
Singed [1, 4, 6, 6, 4, 5, 6, 8, 6, 8, 8, 5, 3, 4, 5, 4, 5, 6, 4, 3, 4, 6, 6, 6, 4, 6, 5, 5, 5, 5, 6, 4, 5, 16, 12]
Varus [130, 11, 5, 16, 9, 11, 7, 8]
Twitch [2, 6, 8, 15, 39, 39, 33, 8, 5, 5, 8, 5, 5, 6, 7, 7]
Kog'Maw [32, 12, 6, 8, 11, 5, 5, 5, 6, 7, 6, 8, 8, 6, 6, 6, 13, 6, 4, 4, 10, 6, 9, 7]
Garen [24, 12, 11, 4, 8, 8, 6, 3, 4, 5, 7, 5, 13, 8, 11, 4, 8, 28, 14, 10]
Nunu [2, 2, 5, 4, 5, 6, 5, 4, 5, 8, 5, 4, 6, 3, 5, 5, 5, 8, 7, 6, 8, 6, 12, 9, 8, 7, 11, 7, 11, 10]
Elise [155, 26, 17]
Alistar [2, 4, 4, 6, 6, 5, 5, 3, 7, 3, 12, 10, 5, 5, 3, 4, 8, 4, 4, 6, 4, 6, 4, 5, 5, 5, 5, 5, 7]
Katarina [1, 6, 7, 5, 5, 8, 7, 7, 12, 10, 7, 7, 5, 6, 5, 6, 4, 5, 6, 12, 13, 8, 14, 10, 13, 13]
Mordekaiser [14, 11, 10, 17, 13, 4, 4, 3, 5, 5, 9, 5, 6, 7, 7, 9, 9, 8, 14, 11, 11, 11]
Jarvan IV [68, 9, 22, 19, 18, 10, 12, 14, 14, 16]
Dr. Mundo [3, 2, 4, 8, 6, 6, 8, 12, 11, 18, 11, 36, 13, 8, 6, 4, 4, 6, 12, 10]
Aatrox [188, 11]
Draven [135, 40, 12, 9]
Talon [94, 11, 12, 11, 17, 8, 16, 13, 17]
Xin Zhao [35, 9, 14, 8, 11, 18, 29, 19, 6, 12, 6, 11, 7, 13]
Ahri [109, 10, 7, 18, 20, 8, 13, 11]
Malzahar [29, 11, 15, 9, 12, 11, 14, 16, 13, 36, 10, 14, 12]
Lissandra [181, 12]
Diana [143, 32, 16]
Tristana [2, 2, 2, 3, 5, 3, 5, 2, 2, 2, 2, 4, 4, 3, 5, 3, 3, 2, 3, 3, 2, 3, 2, 4, 11]
Irelia [53, 12, 9, 7, 19, 9, 31, 9, 11, 13, 14]
Nami [162, 14, 8, 8, 5, 5]
Soraka [3, 4, 4, 3, 4, 2, 3, 3, 4, 4, 5, 4, 4, 5, 3, 6, 4, 11, 5, 4, 8, 6, 5, 9, 6, 7, 5, 7, 4, 5, 3, 10, 9, 4, 9, 8, 6, 5]
Veigar [2, 5, 3, 2, 3, 4, 3, 3, 5, 5, 3, 5, 3, 2, 5, 4, 3, 2, 3, 5, 7, 3, 2, 5, 4, 5, 6, 5, 5, 6, 6, 7, 5, 6, 29, 7, 14]
Janna [5, 4, 3, 4, 3, 5, 4, 4, 4, 6, 6, 7, 11, 6, 5, 3, 9, 3, 17, 7, 16, 11, 3, 6, 4, 6, 5, 4, 8, 6, 10, 3]
Nautilus [118, 11, 19, 6, 5, 8, 7, 18]
Evelynn [5, 7, 7, 26, 96, 16, 6, 19, 15]
Gragas [10, 5, 7, 8, 7, 5, 7, 4, 5, 7, 26, 33, 16, 19, 10, 10, 16]
Zed [158, 20, 12, 10]
Vi [164, 18, 12]
Lulu [124, 15, 6, 8, 13, 6, 8, 13, 6]
Master Yi [0, 2, 2, 5, 4, 4, 6, 4, 6, 7, 14, 8, 7, 4, 5, 8, 4, 6, 3, 6, 5, 7, 5, 8, 7, 7, 5, 19, 8, 12, 12]
Taric [0, 3, 3, 4, 3, 3, 3, 2, 4, 3, 5, 4, 3, 4, 4, 2, 4, 4, 5, 3, 3, 5, 14, 7, 8, 8, 6, 5, 11, 11, 4, 6, 5, 4, 7, 10, 6, 7, 7]
Quinn [173, 6, 7, 8, 7]
Ezreal [18, 5, 10, 3, 9, 9, 10, 11, 8, 10, 5, 10, 12, 18, 13, 12, 6, 7, 7, 5, 7, 7]
